
Table of the cross section as a function of energy. The table starts and ends by a line of dashes '------',
and has otherwise two numbers per line: the energy in eV and the cross section in m2.

------------------------------------------------------------

COMMENT
CH4
references : 
1) Mi-Young Song, Jung-Sik Yoon, Hyuck Cho, Yukikazu Itikawa, Grzegorz P. Karwasz, Viatcheslav Kokoouline,
   Yoshiharu Nakamura, and Jonathan Tennyson Cross Sections for Electron Collisions with Methane 
   // Journal of Physical and Chemical Reference Data. 2015. V. 44. P. 023101.
2) Abdelatif Gadoum and Djilali Benyoucef 
   Set of the Electron Collision Cross Sections for Methane Molecule 
   // IEEE Transactions on Plasma Science. 2019. V. 47. 3.P. 1505 – 1513.
-----------------------------------------------------------------------------------------------------------------------

ATTACHMENT
CH4 -> CH3+H^-
  6.0e+0 / threshold energy
COMMENT: Dissociation Attachment. Threshold 6.0eV
UPDATED: 2010-06-23 12:33:08
------------------------------------------------------------
6.00 	0.0e-30
6.10 	0.012e-22 
6.20 	0.024e-22 
6.30 	0.038e-22 
6.40 	0.040e-22 
6.50 	0.071e-22 
6.60 	0.039e-22 
6.70 	0.031e-22 
6.80 	0.082e-22 
6.90 	0.102e-22 
7.00 	0.070e-22
7.10 	0.006e-22 
7.20 	0.079e-22 
7.30 	0.084e-22 
7.40 	0.124e-22 
7.50 	0.159e-22 
7.60 	0.254e-22 
7.70 	0.262e-22 
7.80 	0.383e-22 
7.90 	0.380e-22 
8.00 	0.569e-22
8.10 	0.643e-22 
8.20 	0.699e-22 
8.30 	0.889e-22 
8.40 	0.942e-22 
8.50 	1.104e-22 
8.60 	1.191e-22 
8.70 	1.255e-22 
8.80 	1.236e-22 
8.90 	1.258e-22 
9.00 	1.416e-22
9.10 	1.416e-22 
9.20 	1.488e-22 
9.30 	1.480e-22 
9.40 	1.588e-22 
9.50 	1.564e-22 
9.60 	1.536e-22 
9.70 	1.592e-22 
9.80 	1.516e-22 
9.90 	1.584e-22 
10.0 	1.510e-22
10.1 	1.520e-22
10.2 	1.458e-22
10.3 	1.497e-22
10.4 	1.402e-22
10.5	1.378e-22
10.6	1.424e-22
10.7	1.312e-22
10.8	1.280e-22
10.9	1.196e-22
11.0	1.024e-22
11.1	1.076e-22
11.2	0.963e-22
11.3	0.910e-22
11.4	0.774e-22
11.5	0.717e-22
11.6	0.660e-22
11.7	0.521e-22
11.8	0.504e-22
11.9	0.468e-22
12.0	0.396e-22
12.1	0.324e-22
12.2	0.315e-22
12.3	0.241e-22
12.4	0.241e-22
12.5	0.205e-22
12.6	0.184e-22
12.7	0.142e-22
12.8	0.142e-22
12.9	0.145e-22
13.0	0.113e-22
13.1	0.087e-22
13.2	0.086e-22
13.3	0.055e-22
13.4	0.070e-22
13.5	0.040e-22
13.6	0.055e-22
13.7	0.042e-22
13.8	0.031e-22
13.9	0.049e-22
14.0	0.032e-22
14.1	0.043e-22
14.2	0.029e-22
14.3	0.039e-22
14.4	0.024e-22
14.5	0.032e-22
14.6	0.022e-22
14.7	0.038e-22
14.8	0.038e-22
14.9	0.038e-22
15.0	0.035e-22
15.1	0.015e-22
15.2	0.033e-22
15.3	0.039e-22
15.4	0.015e-22
15.5	0.016e-22
15.6	0.036e-22
15.7	0.026e-22
15.8	0.026e-22
15.9	0.045e-22
16.0	0.038e-22
16.1	0.026e-22
16.2	0.048e-22
16.3	0.057e-22
16.4	0.030e-22
16.5	0.027e-22
16.6	0.040e-22
16.7	0.027e-22
16.8	0.050e-22
16.9	0.038e-22
17.0	0.040e-22
17.1	0.039e-22
17.2	0.035e-22
17.3	0.045e-22
17.4	0.088e-22
17.5	0.055e-22
17.6	0.059e-22
17.7	0.050e-22
17.8	0.071e-22
17.9	0.067e-22
18.0	0.041e-22
18.1	0.057e-22
18.2	0.077e-22
18.3	0.089e-22
18.4	0.051e-22
18.5	0.111e-22
18.6	0.108e-22
18.7	0.111e-22
18.8	0.055e-22
18.9	0.072e-22
19.0	0.087e-22
19.1	0.107e-22
19.2	0.117e-22
19.3	0.142e-22
19.4	0.154e-22
------------------------------------------------------------

ATTACHMENT
CH4 -> H2+CH2^-
  6.0e+0 / threshold energy
COMMENT: Dissociation Attachment. Threshold 6eV
UPDATED: 2010-06-23 12:33:31
------------------------------------------------------------
6.00	0.0e-22
6.10	0.012e-22 
6.20	0.007e-22 
6.30	0.007e-22 
6.40	0.009e-22 
6.50	0.008e-22 
6.60	0.006e-22
6.70	0.013e-22 
6.80	0.012e-22 
6.90	0.010e-22 
7.00	0.004e-22
7.10	0.010e-22 
7.20	0.011e-22 
7.30	0.008e-22 
7.40	0.012e-22 
7.50	0.011e-22 
7.60	0.015e-22 
7.70	0.015e-22 
7.80	0.013e-22
7.90	0.015e-22 
8.00	0.010e-22
8.10	0.020e-22 
8.20	0.025e-22 
8.30	0.018e-22 
8.40	0.027e-22 
8.50	0.025e-22 
8.60	0.022e-22 
8.70	0.030e-22 
8.80	0.024e-22 
8.90	0.031e-22 
9.00	0.029e-22
9.10	0.031e-22 
9.20	0.040e-22 
9.30	0.048e-22 
9.40	0.065e-22 
9.50	0.080e-22 
9.60	0.082e-22 
9.70	0.084e-22 
9.80	0.095e-22 
9.90	0.100e-22
#10.1	0.122e-22
#10.1	0.124e-22
10.2	0.132e-22
10.3	0.130e-22
10.4	0.140e-22 
10.5	0.128e-22
10.6	0.131e-22
10.7	0.112e-22
10.8	0.121e-22
10.9	0.110e-22
11.0	0.105e-22
11.1	0.100e-22
11.2	0.099e-22
11.3	0.089e-22
11.4	0.077e-22
11.5	0.093e-22
11.6	0.074e-22
11.7	0.063e-22
11.8	0.063e-22
11.9	0.056e-22
12.0	0.046e-22
12.1	0.052e-22
12.2	0.043e-22
12.3	0.037e-22
12.4	0.032e-22
12.5	0.032e-22
12.6	0.030e-22
12.7	0.025e-22
12.8	0.031e-22
12.9	0.021e-22
13.0	0.025e-22
13.1	0.017e-22
13.2	0.020e-22
13.3	0.017e-22
13.4	0.020e-22
13.5	0.019e-22
13.6	0.014e-22
13.7	0.012e-22
13.8	0.012e-22
13.9	0.015e-22
14.0	0.022e-22
14.1	0.016e-22
14.2	0.016e-22
14.3	0.017e-22
14.4	0.019e-22
14.5	0.018e-22
14.6	0.015e-22
14.7	0.013e-22
14.8	0.021e-22
14.9	0.018e-22
15.0    0.014e-22
15.1	0.020e-22
15.2	0.019e-22
15.3	0.014e-22
15.4	0.018e-22
15.5	0.018e-22
15.6	0.024e-22
15.7	0.015e-22
15.8	0.027e-22
15.9	0.021e-22
16.0	0.025e-22
16.1	0.020e-22
16.2	0.022e-22
16.3	0.022e-22
16.4	0.025e-22
16.5	0.028e-22
16.6	0.029e-22
16.7	0.023e-22
16.8	0.022e-22
16.9	0.024e-22
17.0	0.030e-22
17.1	0.030e-22
17.2	0.030e-22
17.3	0.028e-22
17.4	0.018e-22
17.5	0.029e-22
17.6	0.028e-22
17.7	0.031e-22
17.8	0.032e-22
17.9	0.027e-22
18.0	0.031e-22
18.1	0.028e-22
18.2	0.036e-22
18.3	0.036e-22
18.4	0.031e-22
18.5	0.034e-22
18.6	0.033e-22
18.7	0.030e-22
18.8	0.035e-22
18.9	0.040e-22
19.0	0.031e-22
19.1	0.037e-22
19.2	0.038e-22
19.3	0.031e-22
19.4	0.035e-22
------------------------------------------------------------

EFFECTIVE
CH4
 3.424e-5 / mass ratio
SPECIES: e / CH4
PROCESS: E + CH4 -> E + CH4, Effective
PARAM.:  m/M = 3.424e-5, complete set
COMMENT: no
UPDATED: 2017-01-18 17:50:58
COLUMNS: Energy (eV) | Cross section (m2)
------------------------------------------------------------
1.000000e-03 2.280000e-19
2.000000e-03 2.120000e-19
3.000000e-03 1.990000e-19
4.000000e-03 1.900000e-19
5.000000e-03 1.810000e-19
6.000000e-03 1.740000e-19
7.000000e-03 1.670000e-19
8.000000e-03 1.610000e-19
9.000000e-03 1.550000e-19
1.000000e-02 1.500000e-19
2.000000e-02 1.130000e-19
3.000000e-02 8.890000e-20
4.000000e-02 7.200000e-20
5.000000e-02 5.920000e-20
6.000000e-02 4.920000e-20
7.000000e-02 4.120000e-20
8.000000e-02 3.470000e-20
9.000000e-02 2.930000e-20
1.000000e-01 2.490000e-20
1.100000e-01 2.110000e-20
1.200000e-01 1.800000e-20
1.300000e-01 1.540000e-20
1.400000e-01 1.310000e-20
1.500000e-01 1.130000e-20
1.600000e-01 9.600000e-21
1.700000e-01 8.300000e-21
1.800000e-01 7.100000e-21
1.900000e-01 6.200000e-21
2.000000e-01 5.300000e-21
2.100000e-01 4.700000e-21
2.200000e-01 4.100000e-21
2.300000e-01 3.600000e-21
2.400000e-01 3.200000e-21
2.500000e-01 3.000000e-21
2.600000e-01 2.700000e-21
2.700000e-01 2.600000e-21
2.800000e-01 2.400000e-21
2.900000e-01 2.400000e-21
3.000000e-01 2.300000e-21
3.100000e-01 2.300000e-21
3.200000e-01 2.400000e-21
3.300000e-01 2.500000e-21
3.400000e-01 2.600000e-21
3.500000e-01 2.700000e-21
3.600000e-01 2.800000e-21
3.700000e-01 3.000000e-21
3.800000e-01 3.100000e-21
3.900000e-01 3.300000e-21
4.000000e-01 3.500000e-21
4.100000e-01 3.700000e-21
4.200000e-01 3.900000e-21
4.300000e-01 4.100000e-21
4.400000e-01 4.300000e-21
4.500000e-01 4.600000e-21
4.600000e-01 4.800000e-21
4.700000e-01 5.000000e-21
4.800000e-01 5.300000e-21
4.900000e-01 5.500000e-21
5.000000e-01 5.800000e-21
5.200000e-01 6.300000e-21
5.500000e-01 7.000000e-21
5.700000e-01 7.500000e-21
6.000000e-01 8.300000e-21
6.200000e-01 8.800000e-21
6.500000e-01 9.500000e-21
6.700000e-01 1.000000e-20
7.000000e-01 1.070000e-20
7.200000e-01 1.120000e-20
7.500000e-01 1.180000e-20
7.700000e-01 1.240000e-20
8.000000e-01 1.330000e-20
8.500000e-01 1.450000e-20
9.000000e-01 1.560000e-20
9.500000e-01 1.670000e-20
1.000000e+00 1.800000e-20
1.100000e+00 2.070000e-20
1.200000e+00 2.320000e-20
1.300000e+00 2.620000e-20
1.400000e+00 2.930000e-20
1.500000e+00 3.240000e-20
1.800000e+00 4.110000e-20
2.000000e+00 4.770000e-20
2.200000e+00 5.410000e-20
2.500000e+00 6.340000e-20
3.000000e+00 8.120000e-20
3.500000e+00 9.540000e-20
4.000000e+00 1.110000e-19
4.500000e+00 1.250000e-19
5.000000e+00 1.350000e-19
5.500000e+00 1.450000e-19
6.000000e+00 1.510000e-19
6.500000e+00 1.570000e-19
7.000000e+00 1.600000e-19
7.500000e+00 1.610000e-19
8.000000e+00 1.630000e-19
8.500000e+00 1.640000e-19
9.000000e+00 1.630000e-19
9.500000e+00 1.620000e-19
1.000000e+01 1.600000e-19
1.100000e+01 1.530000e-19
1.200000e+01 1.460000e-19
1.300000e+01 1.350000e-19
1.400000e+01 1.210000e-19
1.500000e+01 1.100000e-19
1.800000e+01 8.200000e-20
2.000000e+01 6.930000e-20
2.500000e+01 4.990000e-20
3.000000e+01 3.920000e-20
5.000000e+01 2.000000e-20
7.500000e+01 1.150000e-20
1.000000e+02 7.900000e-21
2.000000e+02 4.000000e-21
3.000000e+02 2.200000e-21
5.000000e+02 1.100000e-21
------------------------------------------------------------

EXCITATION
CH4 -> CH4(rot)
  0.0078 / threshold energy
COMMENT: CH4 ROTATIONAL excitation
UPDATED: 2011-04-19 18:39:04
------------------------------------------------------------
0.0078   0.0
0.1		 0.00077e-20
0.2		 0.00382e-20
0.3		 0.00877e-20
0.4		 0.0147e-20
0.5		 0.0207e-20
0.6		 0.0262e-20
0.7		 0.0310e-20
0.8		 0.0349e-20
0.9		 0.0380e-20
1.0 	 0.0403e-20
1.1		 0.0422e-20
1.2		 0.0436e-20
1.3		 0.0448e-20
1.4		 0.0458e-20
1.5		 0.0467e-20
1.6		 0.0476e-20
1.7		 0.0486e-20
1.8		 0.0498e-20
1.9		 0.0512e-20
2.0      0.0529e-20
2.1 	 0.0550e-20 
2.2 	 0.0575e-20 
2.3 	 0.0605e-20 
2.4 	 0.0640e-20 
2.5 	 0.0682e-20 
2.6 	 0.0731e-20 
2.7 	 0.0789e-20
2.8 	 0.0853e-20
2.9 	 0.0926e-20
3.0		 0.101e-20
3.1		 0.110e-20
3.2 	 0.120e-20
3.3 	 0.131e-20
3.4 	 0.143e-20
3.5 	 0.156e-20
3.6 	 0.170e-20
3.7 	 0.184e-20
3.8 	 0.200e-20
3.9 	 0.217e-20
4.0		 0.234e-20
4.1 	 0.252e-20
4.2 	 0.272e-20
4.3 	 0.291e-20
4.4 	 0.312e-20
4.5 	 0.334e-20
4.6 	 0.356e-20
4.7 	 0.379e-20
4.8 	 0.401e-20
4.9 	 0.426e-20
5.0		 0.450e-20
5.1 	 0.474e-20
5.2 	 0.499e-20
5.3 	 0.523e-20
5.4 	 0.548e-20
5.5 	 0.572e-20
5.6 	 0.596e-20
5.7 	 0.620e-20
5.8 	 0.643e-20
5.9 	 0.666e-20
6.0 	 0.688e-20
6.1 	 0.710e-20
6.2 	 0.732e-20
6.3 	 0.752e-20
6.4 	 0.773e-20
6.5 	 0.793e-20
6.6 	 0.812e-20
6.7 	 0.831e-20
6.8 	 0.850e-20
6.9 	 0.868e-20
7.0 	 0.886e-20
7.1 	 0.903e-20
7.2 	 0.920e-20
7.3 	 0.937e-20
7.4 	 0.954e-20
7.5 	 0.970e-20
7.6 	 0.986e-20
7.7 	 1.002e-20
7.8 	 1.017e-20
7.9 	 1.032e-20
8.0 	 1.047e-20
8.1 	 1.061e-20
8.2 	 1.074e-20
8.3 	 1.088e-20
8.4 	 1.098e-20
8.5 	 1.109e-20
8.6 	 1.120e-20
8.7 	 1.129e-20
8.8 	 1.138e-20
8.9 	 1.146e-20
9.0 	 1.152e-20
9.1 	 1.158e-20
9.2 	 1.163e-20
9.3 	 1.167e-20
9.4 	 1.171e-20
9.5 	 1.174e-20
9.6 	 1.176e-20
9.7 	 1.177e-20
9.8 	 1.178e-20
9.9 	 1.179e-20
10.0 	 1.180e-20
10.1	 1.180e-20
10.2 	 1.181e-20
10.3 	 1.181e-20
10.4 	 1.182e-20
------------------------------------------------------------

EXCITATION
CH4 -> CH4(rot)
  0.013 / threshold energy
COMMENT: CH4 ROTATIONAL excitation
UPDATED: 2011-04-19 18:39:04
------------------------------------------------------------
0.013   0.0
0.1 	0.00008e-20
0.2 	0.00016e-20
0.3 	0.00028e-20
0.4 	0.00047e-20
0.5 	0.00078e-20
0.6 	0.00122e-20
0.7 	0.00184e-20
0.8 	0.00266e-20
0.9 	0.00372e-20
1.0 	0.00504e-20
1.1 	0.00664e-20 
1.2 	0.00855e-20
1.3 	0.01078e-20
1.4 	0.0134e-20
1.5 	0.0163e-20
1.6 	0.0197e-20
1.7 	0.0236e-20
1.8 	0.0280e-20
1.9 	0.0329e-20 
2.0		0.0385e-20
2.1 	0.0447e-20 
2.2 	0.0517e-20 
2.3 	0.0595e-20 
2.4 	0.0681e-20
2.5 	0.0776e-20
2.6 	0.0879e-20
2.7 	0.0992e-20
2.8 	0.1115e-20 
2.9 	0.1247e-20 
3.0 	0.1388e-20
3.1 	0.1539e-20
3.2 	0.1700e-20
3.3 	0.1871e-20
3.4 	0.205e-20
3.5 	0.224e-20
3.6 	0.244e-20
3.7 	0.266e-20
3.8 	0.288e-20
3.9 	0.313e-20
4.0 	0.337e-20
4.1 	0.363e-20
4.2 	0.391e-20
4.3 	0.420e-20
4.4 	0.451e-20
4.5 	0.484e-20
4.6 	0.518e-20
4.7 	0.554e-20
4.8 	0.592e-20
4.9 	0.631e-20
5.0 	0.672e-20
5.1 	0.714e-20
5.2 	0.758e-20
5.3 	0.802e-20
5.4 	0.849e-20
5.5 	0.895e-20
5.6 	0.942e-20
5.7 	0.989e-20
5.8 	1.036e-20
5.9 	1.083e-20
6.0 	1.129e-20
6.1 	1.174e-20
6.2  	1.219e-20
6.3  	1.262e-20
6.4  	1.304e-20
6.5  	1.344e-20
6.6  	1.384e-20
6.7  	1.421e-20
6.8  	1.459e-20
6.9  	1.494e-20
7.0  	1.529e-20
7.1  	1.563e-20
7.2  	1.596e-20
7.3  	1.629e-20
7.4  	1.661e-20
7.5  	1.693e-20
7.6  	1.725e-20
7.7  	1.756e-20
7.8  	1.788e-20
7.9  	1.819e-20
8.0  	1.851e-20
8.1  	1.882e-20
8.2  	1.914e-20
8.3  	1.945e-20
8.4  	1.977e-20
8.5  	2.008e-20
8.6  	2.039e-20
8.7  	2.069e-20
8.8  	2.098e-20
8.9  	2.127e-20
9.0  	2.154e-20
9.1  	2.181e-20
9.2		2.205e-20
9.3  	2.228e-20
9.4  	2.250e-20
9.5  	2.269e-20
9.6  	2.286e-20
9.7  	2.300e-20
9.8  	2.313e-20
9.9  	2.323e-20
10.0 	2.331e-20
10.1 	2.337e-20
10.2 	2.342e-20
10.3 	2.348e-20
10.4 	2.358e-20
------------------------------------------------------------

EXCITATION
CH4 -> CH4(V24)(0.162eV)
  1.620e-1 / threshold energy
COMMENT: Vibrational Excitation , V24
UPDATED: 2010-06-23 12:50:08
------------------------------------------------------------
 1.620000e-1	0.000000e+0
 1.700000e-1	1.000000e-21
 1.800000e-1	2.000000e-21
 1.900000e-1	3.000000e-21
 2.000000e-1	3.600000e-21
 2.100000e-1	4.500000e-21
 2.300000e-1	5.800000e-21
 2.500000e-1	6.900000e-21
 3.000000e-1	7.200000e-21
 3.500000e-1	6.000000e-21
 4.000000e-1	4.500000e-21
 5.000000e-1	3.500000e-21
 6.000000e-1	3.100000e-21
 8.000000e-1	2.700000e-21
 1.000000e+0	2.520000e-21
 1.200000e+0	2.450000e-21
 1.500000e+0	2.450000e-21
 2.000000e+0	2.700000e-21
 2.500000e+0	3.150000e-21
 3.000000e+0	3.800000e-21
 3.500000e+0	5.000000e-21
 4.000000e+0	6.800000e-21
 4.500000e+0	9.300000e-21
 5.000000e+0	1.180000e-20
 5.600000e+0	1.360000e-20
 6.000000e+0	1.400000e-20
 6.500000e+0	1.380000e-20
 7.000000e+0	1.340000e-20
 7.500000e+0	1.300000e-20
 8.000000e+0	1.200000e-20
 9.000000e+0	1.040000e-20
 1.000000e+1	9.000000e-21
 1.500000e+1	5.600000e-21
 2.000000e+1	4.680000e-21
 4.000000e+1	3.450000e-21
 7.000000e+1	2.080000e-21
 1.000000e+2	1.300000e-21
------------------------------------------------------------

EXCITATION
CH4 -> CH4(V13)(0.362eV)
  3.610e-1 / threshold energy
COMMENT: Vibrational Excitation, V13
UPDATED: 2010-06-23 12:50:32
------------------------------------------------------------
 3.620000e-1	0.000000e+0
 4.500000e-1	1.300000e-21
 4.700000e-1	1.600000e-21
 5.000000e-1	2.080000e-21
 5.500000e-1	2.760000e-21
 6.000000e-1	2.990000e-21
 6.600000e-1	3.120000e-21
 7.500000e-1	2.990000e-21
 8.400000e-1	2.600000e-21
 9.000000e-1	2.450000e-21
 1.000000e+0	2.330000e-21
 1.200000e+0	2.220000e-21
 1.500000e+0	2.300000e-21
 1.800000e+0	2.400000e-21
 2.000000e+0	2.500000e-21
 2.500000e+0	2.850000e-21
 3.000000e+0	3.400000e-21
 3.500000e+0	4.200000e-21
 4.000000e+0	5.600000e-21
 4.500000e+0	8.000000e-21
 5.000000e+0	1.100000e-20
 5.600000e+0	1.380000e-20
 6.000000e+0	1.430000e-20
 6.500000e+0	1.380000e-20
 7.000000e+0	1.300000e-20
 7.500000e+0	1.180000e-20
 8.000000e+0	1.100000e-20
 9.000000e+0	9.000000e-21
 1.000000e+1	7.300000e-21
 1.500000e+1	3.640000e-21
 2.000000e+1	2.860000e-21
 4.000000e+1	1.690000e-21
 7.000000e+1	6.500000e-22
 1.000000e+2	3.900000e-22
------------------------------------------------------------

EXCITATION
CH4 -> CH3+H(8.8eV-dissoc)
  8.800e+0 / threshold energy
COMMENT: Dissociation Excitation
UPDATED: 2010-06-23 12:50:46
------------------------------------------------------------
8.80000		0.0
8.90915		0.02423e-20
9.04439		0.04003e-20
9.27437		0.07310e-20
9.41516		0.14102e-20
9.90006		0.25753e-20
10.25428	0.36427e-20
10.7824		0.50134e-20
11.50983	0.73549e-20
12.72592	1.00305e-20
14.21254	1.29505e-20
15.55716	1.52623e-20
17.02898	1.68738e-20
18.82822	1.83181e-20
21.56239	2.02522e-20
24.32436	2.13920e-20
27.57827	2.17860e-20
32.3862		2.28030e-20
37.08921	2.30120e-20
41.84005	2.36507e-20
48.88819	2.40863e-20
55.98757	2.43071e-20
63.79672	2.40863e-20
73.42889	2.38675e-20
84.09201	2.36507e-20
95.34115	2.28030e-20
109.73596	2.17860e-20
128.22146	2.10051e-20
146.10581	2.02522e-20
165.65064	1.89990e-20
186.86914	1.84860e-20
211.86695	1.75011e-20
241.4182	1.65686e-20
277.86805	1.56859e-20
315.03894	1.48501e-20
357.18224	1.40589e-20
400.91611	1.33099e-20
466.10553	1.22605e-20
539.18009	1.17136e-20
611.30715	1.08890e-20
696.5724	1.01224e-20
805.77883	0.94960e-20
899.90916	0.92396e-20
980.11274	0.89084e-20
------------------------------------------------------------

EXCITATION
CH4 -> CH2+H2(9.4eV-dissoc)
  9.400e+0 / threshold energy
COMMENT: Dissociation Excitation
UPDATED: 2010-06-15 13:44:39
------------------------------------------------------------
9.40000		0.0
9.75203		0.01536e-20
9.85047		0.02075e-20
9.90006		0.03044e-20
10.05035	0.04507e-20
10.30591	0.06858e-20
10.67464	0.10061e-20
11.16818	0.13721e-20
11.86192	0.18884e-20
12.72592	0.23723e-20
13.92989	0.29531e-20
15.24777	0.35768e-20
16.8588		0.39545e-20
18.92301	0.43324e-20
21.45437	0.47463e-20
24.69361	0.50134e-20
27.85667	0.50594e-20
31.26747	0.50134e-20
34.74515	0.50594e-20
39.19574	0.51057e-20
43.11996	0.51057e-20
49.88019	0.49679e-20
57.41121	0.47898e-20
64.44071	0.46181e-20
71.96856	0.44934e-20
80.37583	0.43721e-20
88.86812	0.41771e-20
98.75236	0.40274e-20
107.0148	0.39186e-20
117.72897	0.37781e-20
128.86705	0.36096e-20
141.76898	0.34173e-20
155.96269	0.32948e-20
173.30944	0.31479e-20
195.50904	0.29531e-20
212.93369	0.28472e-20
231.91121	0.27203e-20
253.85181	0.25753e-20
277.86805	0.24605e-20
302.6329	0.23507e-20
334.60824	0.22459e-20
373.69672	0.21262e-20
419.45232	0.20129e-20
461.44747	0.19232e-20
502.57356	0.18374e-20
558.47186	0.17395e-20
614.38504	0.16468e-20
675.89616	0.15591e-20
736.13535	0.14895e-20
801.74273	0.14102e-20
868.82284	0.13721e-20
936.79941	0.13229e-20
990.00643	0.12755e-20
------------------------------------------------------------

EXCITATION
CH4 -> CH+H2+H(12.5eV-dissoc)
  1.250e+1 / threshold energy
COMMENT: Dissociation Excitation
UPDATED: 2010-06-15 13:45:07
------------------------------------------------------------
12.50000	0.0
12.93905	0.01035e-20
13.43319	0.02078e-20
14.21		0.04070e-20
15.60579	0.08107e-20
19.9106		0.16425e-20
24.93128	0.21382e-20
29.78921	0.23281e-20
35.26177	0.23882e-20
39.27351	0.24086e-20
47.14641	0.23480e-20
54.00719	0.22694e-20
60.43405	0.21935e-20
70.20832	0.20667e-20
79.67506	0.19638e-20
89.57506	0.18346e-20
101.65317	0.17732e-20
111.11639	0.16850e-20
127.28616	0.15741e-20
143.10206	0.14458e-20
162.39763	0.13506e-20
181.72297	0.12834e-20
208.16749	0.11888e-20
240.705		0.10735e-20
270.61371	0.10114e-20
302.81678	0.09369e-20
350.14839	0.08605e-20
395.5046	0.07903e-20
453.05869	0.07320e-20
506.97292	0.06723e-20
572.64287	0.06389e-20
649.8568	0.05868e-20
737.48262	0.05435e-20
829.11827	0.04992e-20
906.30324	0.04664e-20
981.43482	0.04432e-20
------------------------------------------------------------

EXCITATION
CH4 -> C+H2+H2(14eV-dissoc)
  1.400e+1 / threshold energy
COMMENT: Dissociation Excitation
UPDATED: 2010-06-15 13:45:30
------------------------------------------------------------
14.00000	0.0
21.86634	0.01017e-20
22.91512	0.01324e-20
24.69878	0.01814e-20
26.62127	0.02341e-20
29.78921	0.03153e-20
33.49066	0.04036e-20
39.45792	0.05035e-20
44.77834	0.05818e-20
53.50353	0.06443e-20
63.63003	0.06781e-20
78.19591	0.06723e-20
91.69804	0.06554e-20
106.03085	0.06175e-20
119.20567	0.06019e-20
137.83805	0.05482e-20
160.88316	0.05121e-20
186.90346	0.04546e-20
212.10519	0.04283e-20
239.57999	0.03934e-20
263.113		0.03644e-20
297.19504	0.03375e-20
340.44318	0.03048e-20
379.17532	0.02799e-20
430.30281	0.02571e-20
481.50874	0.02381e-20
538.80815	0.02150e-20
611.46031	0.01958e-20
681.02577	0.01768e-20
762.06821	0.01624e-20
825.24286	0.01517e-20
910.55932	0.01393e-20
990.67357	0.01324e-20
------------------------------------------------------------

IONIZATION
CH4 -> CH4^+
  1.263e+1 / threshold energy
UPDATED: 2010-06-15 13:48:33
------------------------------------------------------------
12.630		0.0
15.000 		0.182e-20
17.000 		0.479e-20
20.000 		0.825e-20
22.500		1.030e-20
25.000 		1.200e-20
30.000 		1.360e-20
35.000 		1.410e-20
40.000 		1.450e-20
45.000 		1.500e-20
50.000 		1.530e-20
60.000 		1.550e-20
70.000 		1.560e-20
80.000 		1.550e-20
90.000 		1.540e-20
100.00 		1.520e-20
110.00 		1.490e-20
125.00 		1.440e-20
150.00 		1.380e-20
175.00 		1.310e-20
200.00 		1.250e-20
250.00 		1.130e-20
300.00 		1.040e-20
400.00 		0.891e-20
500.00 		0.778e-20
600.00 		0.686e-20
700.00 		0.623e-20
800.00 		0.552e-20
900.00 		0.516e-20
1000.0 		0.476e-20
------------------------------------------------------------

IONIZATION
CH4 -> H+CH3^+
  1.430e+1 / threshold energy
COMMENT: Dissociation Ionization
UPDATED: 2010-06-15 13:49:03
------------------------------------------------------------
14.30		0.0
15.000 		0.035e-20
17.000 		0.220e-20
20.000 		0.474e-20
22.500		0.685e-20
25.000 		0.857e-20
30.000 		1.050e-20
35.000 		1.110e-20
40.000 		1.140e-20
45.000 		1.190e-20
50.000 		1.220e-20
60.000 		1.250e-20
70.000 		1.270e-20
80.000 		1.260e-20
90.000 		1.260e-20
100.00 		1.240e-20
110.00 		1.220e-20
125.00 		1.190e-20
150.00 		1.130e-20
175.00 		1.080e-20
200.00 		1.030e-20
250.00 		0.934e-20
300.00 		0.855e-20
400.00 		0.719e-20
500.00 		0.638e-20
600.00 		0.560e-20
700.00 		0.507e-20
800.00 		0.454e-20
900.00 		0.420e-20
1000.0 		0.385e-20
------------------------------------------------------------

IONIZATION
CH4 -> CH2^+
  1.620e+1 / threshold energy
COMMENT: Dissociation Ionization
UPDATED: 2010-06-15 13:49:03
------------------------------------------------------------
16.200 		0.0000e-20
17.000 		0.0050e-20
20.000 		0.0157e-20
22.500		0.0264e-20
25.000 		0.0518e-20
30.000 		0.1310e-20
35.000 		0.2030e-20
40.000 		0.2480e-20
45.000 		0.2790e-20
50.000 		0.2880e-20
60.000 		0.3020e-20
70.000 		0.3070e-20
80.000 		0.3110e-20
90.000 		0.3040e-20
100.00 		0.3040e-20
110.00 		0.3000e-20
125.00 		0.2870e-20
150.00 		0.2660e-20
175.00 		0.2460e-20
200.00 		0.2330e-20
250.00 		0.1990e-20
300.00 		0.1770e-20
400.00 		0.1390e-20
500.00 		0.1190e-20
600.00 		0.1030e-20
700.00 		0.0892e-20
800.00 		0.0798e-20
900.00 		0.0726e-20
1000.0 		0.0654e-20
------------------------------------------------------------

IONIZATION
CH4 -> CH^+
  2.220e+1 / threshold energy
COMMENT: Dissociation Ionization
UPDATED: 2010-06-15 13:49:03
------------------------------------------------------------
22.200 		0.0000e-20
25.000 		0.0041e-20
30.000 		0.0292e-20
35.000 		0.0746e-20
40.000 		0.1120e-20
45.000 		0.1360e-20
50.000 		0.1440e-20
60.000 		0.1630e-20
70.000 		0.1730e-20
80.000 		0.1720e-20
90.000 		0.1740e-20
100.00 		0.1670e-20
110.00 		0.1630e-20
125.00 		0.1540e-20
150.00 		0.1400e-20
175.00 		0.1270e-20
200.00 		0.1160e-20
250.00 		0.0981e-20
300.00 		0.0844e-20
400.00 		0.0643e-20
500.00 		0.0524e-20
600.00 		0.0435e-20
700.00 		0.0378e-20
800.00 		0.0327e-20
900.00 		0.0302e-20
1000.0 		0.0272e-20
------------------------------------------------------------

IONIZATION
CH4 -> H^+
  2.110e+1 / threshold energy
COMMENT: Dissociation Ionization
UPDATED: 2010-06-15 13:49:03
------------------------------------------------------------
21.100 		0.0000e-20
25.000 		0.0069e-20
30.000 		0.0287e-20
35.000 		0.0700e-20
40.000 		0.1300e-20
45.000 		0.1960e-20
50.000 		0.2490e-20
60.000 		0.3290e-20
70.000 		0.3800e-20
80.000 		0.4100e-20
90.000 		0.4280e-20
100.00 		0.4300e-20
110.00 		0.4290e-20
125.00 		0.4120e-20
150.00 		0.3810e-20
175.00 		0.3530e-20
200.00 		0.3280e-20
250.00 		0.2680e-20
300.00 		0.2300e-20
400.00 		0.1770e-20
500.00 		0.1430e-20
600.00 		0.1200e-20
700.00 		0.1010e-20
800.00 		0.0871e-20
900.00 		0.0774e-20
1000.0 		0.0688e-20
------------------------------------------------------------
